111, ΙΝ QVARTVM 5555'05511,

,111111 ,² 1111, 11111, 1111111 , 111111,111111111. 8ῦ119111111
, 111 ego 111101,8111111111111 11111111111111111 1111111111
11111111111111111111111 ,1111111181 1111111111 quibuscum,
¹que verbis 11111111, 11111111111111111111111111 1111, 11,
quum 111Ρ11111111111111111 111 111111 11111111 11111 ,inquit
,111111111111111111111111,111111,11111111111111 111111111111111,
Ι11111111 talento. · ·
: 111111111111111111,1111111111, 1111, 1111111111,
1111111, 1111, 1111181 111111, 111111111111111113111111
11111111111,11111111111111111111111111111111111111 111,
111111,1111,11’1 1,1111,111,11,111 11111711
111111111111111111 1,111111111111111ε1111111111111111111
111111111,11111111,111111111111111111
11111,1111111111111111111111111,81111111111111111. D
1111111 111111 11111111 quis reducit 11111111 1111111111 111 111
11111111 111111111111111111111 1111111111111111181111111
11,11111111 1111111111111111 1111111 1111111111 11111 geniti
11111111111111111111111111111111,111111111-11111111111111
111ι111111111111111111111111111111111111 1111111111111
111111811111111111111111 vero 111111111Β1111111111111,
deprehendet sanc, quisquis Vallae 111111111111111 Pog-
111111111111111111111111111111 111111 Poggio , 1111111111
1111111 111 111-1111, 1111 1111111 1111111111, 11111111) po*
11111111111111111111111111*111111111111111111 1111111111
111111111111111111111.1211,1111111111,11111,111111111111
11111111 1111111 11 virtutis 1111111, 111 1111111111111111
11111111111,111111111111,1111111111111111111
' ’,1,1 5555

 

